0.81472 0.27603 0.16218 0.41727 0.64432 0.96309 0.059619 0.30145 0.42289 0.91599 0.58225 0.73634 0.85071 0.14651 0.55903 0.45606
0.90579 0.6797 0.79428 0.049654 0.37861 0.54681 0.68197 0.7011 0.094229 0.0011511 0.54074 0.39471 0.56056 0.18907 0.8541 0.10167
0.12699 0.6551 0.31122 0.90272 0.81158 0.52114 0.042431 0.66634 0.59852 0.46245 0.86994 0.68342 0.92961 0.042652 0.34788 0.99539
0.91338 0.16261 0.52853 0.94479 0.53283 0.23159 0.071445 0.53913 0.47092 0.42435 0.26478 0.70405 0.69667 0.6352 0.44603 0.33209
0.63236 0.119 0.16565 0.49086 0.35073 0.4889 0.52165 0.69811 0.69595 0.46092 0.31807 0.44231 0.58279 0.28187 0.054239 0.29735
0.09754 0.49836 0.60198 0.48925 0.939 0.62406 0.09673 0.66653 0.69989 0.77016 0.11921 0.019578 0.8154 0.5386 0.17711 0.062045
0.2785 0.95974 0.26297 0.33772 0.87594 0.67914 0.81815 0.17813 0.63853 0.32247 0.93983 0.33086 0.87901 0.69516 0.66281 0.29824
0.54688 0.34039 0.65408 0.90005 0.55016 0.39552 0.81755 0.12801 0.033604 0.78474 0.64555 0.42431 0.98891 0.49912 0.33083 0.046351
0.95751 0.58527 0.68921 0.36925 0.62248 0.36744 0.72244 0.99908 0.068806 0.47136 0.47946 0.27027 0.00052238 0.5358 0.89849 0.50543
0.96489 0.22381 0.74815 0.1112 0.58704 0.98798 0.14987 0.17112 0.3196 0.035763 0.63932 0.19705 0.86544 0.44518 0.11816 0.76143
0.15761 0.75127 0.45054 0.78025 0.20774 0.037739 0.65961 0.032601 0.53086 0.17587 0.54472 0.82172 0.61257 0.12393 0.98842 0.63107
0.97059 0.2551 0.083821 0.38974 0.30125 0.88517 0.51859 0.5612 0.65445 0.72176 0.64731 0.42992 0.98995 0.49036 0.53998 0.089892
0.95717 0.50596 0.22898 0.24169 0.47092 0.91329 0.97297 0.88187 0.40762 0.47349 0.54389 0.88777 0.52768 0.853 0.70692 0.080862
0.48538 0.69908 0.91334 0.40391 0.23049 0.79618 0.64899 0.66918 0.81998 0.15272 0.72105 0.39118 0.47952 0.87393 0.99949 0.77724
0.80028 0.8909 0.15238 0.096455 0.84431 0.098712 0.80033 0.19043 0.71836 0.34112 0.5225 0.76911 0.80135 0.27029 0.28785 0.90513
0.14189 0.95929 0.82582 0.13197 0.19476 0.26187 0.4538 0.36892 0.96865 0.60739 0.9937 0.39679 0.22784 0.20846 0.41452 0.53377
0.42176 0.54722 0.53834 0.94205 0.22592 0.33536 0.43239 0.46073 0.53133 0.19175 0.21868 0.80851 0.49809 0.56498 0.46484 0.10915
0.91574 0.13862 0.99613 0.95613 0.17071 0.67973 0.82531 0.98164 0.32515 0.73843 0.1058 0.75508 0.90085 0.64031 0.76396 0.82581
0.79221 0.14929 0.078176 0.57521 0.22766 0.13655 0.08347 0.1564 0.10563 0.24285 0.1097 0.3774 0.57466 0.41703 0.8182 0.3381
0.95949 0.25751 0.44268 0.05978 0.4357 0.72123 0.13317 0.85552 0.61096 0.91742 0.063591 0.21602 0.84518 0.20598 0.10022 0.29397
0.65574 0.84072 0.10665 0.23478 0.3111 0.10676 0.17339 0.64476 0.7788 0.26906 0.40458 0.79041 0.73864 0.94793 0.17812 0.74631
0.035712 0.25428 0.9619 0.35316 0.92338 0.65376 0.39094 0.37627 0.42345 0.7655 0.44837 0.9493 0.58599 0.082071 0.35963 0.010337
0.84913 0.81428 0.0046342 0.82119 0.43021 0.49417 0.83138 0.19092 0.090823 0.18866 0.36582 0.32757 0.24673 0.10571 0.056705 0.048447
0.93399 0.24352 0.77491 0.015403 0.18482 0.77905 0.80336 0.42825 0.26647 0.2875 0.7635 0.67126 0.66642 0.14204 0.52189 0.66792
0.67874 0.92926 0.8173 0.043024 0.90488 0.71504 0.060471 0.48202 0.15366 0.091113 0.6279 0.43864 0.083483 0.16646 0.33585 0.60347
0.75774 0.34998 0.86869 0.16899 0.97975 0.90372 0.39926 0.12061 0.28101 0.57621 0.77198 0.8335 0.62596 0.62096 0.17567 0.5261
0.74313 0.1966 0.084436 0.64912 0.43887 0.89092 0.52688 0.58951 0.44009 0.68336 0.93285 0.76885 0.66094 0.57371 0.20895 0.72971
0.39223 0.25108 0.39978 0.73172 0.11112 0.33416 0.4168 0.22619 0.52714 0.54659 0.97274 0.16725 0.72975 0.052078 0.90515 0.70725
0.65548 0.61604 0.25987 0.64775 0.25806 0.69875 0.65686 0.38462 0.45742 0.42573 0.19203 0.86198 0.89075 0.9312 0.67539 0.78138
0.17119 0.47329 0.80007 0.45092 0.40872 0.19781 0.62797 0.58299 0.87537 0.64444 0.13887 0.98987 0.9823 0.72866 0.46847 0.28798
0.70605 0.35166 0.43141 0.54701 0.5949 0.030541 0.29198 0.25181 0.51805 0.64762 0.69627 0.51442 0.76903 0.73784 0.91213 0.69253
0.031833 0.83083 0.91065 0.29632 0.26221 0.74407 0.43165 0.29044 0.94362 0.67902 0.09382 0.88428 0.58145 0.063405 0.10401 0.55667
0.27692 0.58526 0.18185 0.74469 0.60284 0.50002 0.015487 0.61709 0.63771 0.63579 0.5254 0.58803 0.92831 0.86044 0.74555 0.39652
0.046171 0.54972 0.2638 0.18896 0.71122 0.47992 0.98406 0.26528 0.95769 0.94517 0.53034 0.15475 0.58009 0.93441 0.73627 0.061591
0.097132 0.91719 0.14554 0.68678 0.22175 0.90472 0.16717 0.82438 0.24071 0.20893 0.86114 0.19986 0.016983 0.9844 0.56186 0.78018
0.82346 0.28584 0.13607 0.18351 0.11742 0.60987 0.10622 0.98266 0.67612 0.70928 0.48485 0.40695 0.12086 0.85894 0.18419 0.33758
0.69483 0.7572 0.86929 0.36848 0.29668 0.61767 0.37241 0.73025 0.28906 0.23623 0.39346 0.74871 0.86271 0.78556 0.59721 0.60787
0.3171 0.75373 0.5797 0.62562 0.31878 0.85944 0.19812 0.34388 0.67181 0.1194 0.67143 0.82558 0.4843 0.51338 0.29994 0.74125
0.95022 0.38045 0.54986 0.78023 0.42417 0.80549 0.48969 0.58407 0.69514 0.6073 0.74126 0.78996 0.84486 0.1776 0.13412 0.10481
0.034446 0.56782 0.14495 0.081126 0.50786 0.57672 0.33949 0.10777 0.067993 0.45014 0.52005 0.31852 0.20941 0.39859 0.2126 0.12789
0.43874 0.075854 0.85303 0.92939 0.085516 0.18292 0.95163 0.90631 0.25479 0.45873 0.34771 0.53406 0.55229 0.13393 0.89494 0.54954
0.38156 0.05395 0.62206 0.77571 0.26248 0.23993 0.92033 0.87965 0.22404 0.66194 0.15 0.089951 0.62988 0.03089 0.071453 0.48523
0.76552 0.5308 0.35095 0.48679 0.80101 0.88651 0.052677 0.81776 0.66783 0.77029 0.58609 0.11171 0.031991 0.93914 0.24249 0.89048
0.7952 0.77917 0.51325 0.43586 0.02922 0.028674 0.73786 0.26073 0.84439 0.35022 0.26215 0.13629 0.61471 0.30131 0.053754 0.79896
0.18687 0.93401 0.40181 0.44678 0.92885 0.4899 0.26912 0.59436 0.34446 0.66201 0.044454 0.67865 0.36241 0.29553 0.44172 0.73434
0.48976 0.12991 0.075967 0.30635 0.73033 0.16793 0.42284 0.022513 0.78052 0.41616 0.75493 0.49518 0.049533 0.33294 0.013283 0.051332
0.44559 0.56882 0.23992 0.50851 0.48861 0.97868 0.54787 0.42526 0.67533 0.84193 0.24279 0.18971 0.48957 0.46707 0.89719 0.072885
0.64631 0.46939 0.12332 0.51077 0.57853 0.71269 0.94274 0.31272 0.0067153 0.83292 0.4424 0.49501 0.19251 0.6482 0.19666 0.088527
0.70936 0.011902 0.18391 0.81763 0.23728 0.50047 0.41774 0.16148 0.60217 0.25644 0.6878 0.14761 0.12308 0.025228 0.093371 0.79835
0.75469 0.33712 0.23995 0.79483 0.45885 0.47109 0.98305 0.17877 0.38677 0.61346 0.35923 0.054974 0.20549 0.84221 0.30737 0.94301
