2.1057 6.9705 2.4404
5.061 0.80276 0.6436
0.60607 3.9002 1.4484
5.7961 2.5204 0.92314
5.6663 4.362 0.67773
3.3452 5.9501 2.5007
4.4632 1.3274 2.0127
3.6314 3.7754 1.5614
4.9158 6.399 2.0117
4.8385 3.6816 1.259
5.1929 0.83807 1.96
3.1142 6.4228 2.2544
3.6624 5.2166 1.8535
2.0988 5.7232 0.7577
6.9087 5.9135 1.5719
3.6926 1.9541 0.64567
2.9313 0.44166 0.64888
1.9148 6.4994 0.99805
0.96995 3.329 0.73544
5.9782 2.8735 1.2385
4.3024 0.019659 2.3556
5.8931 5.676 0.45856
1.1046 2.6823 2.1353
2.4076 6.7171 0.86296
2.3563 1.656 1.9971
2.8788 4.4634 1.1097
2.4599 4.0338 1.7078
6.758 4.7803 2.3793
5.1038 5.7978 0.73323
3.3028 3.1557 0.89017
2.066 4.9064 0.52149
3.1177 2.8874 0.55287
4.5844 6.492 1.7611
0.78166 4.6643 2.2599
3.6488 4.002 1.9027
1.3692 4.9134 1.8225
6.8572 6.998 0.71782
0.44216 1.0996 1.2323
3.6134 5.711 1.326
6.7149 2.1869 2.1849
2.6241 2.4226 0.58844
6.5519 3.8447 1.2504
4.453 1.5982 1.9043
4.6225 0.64159 1.3938
6.1799 6.5705 0.44567
5.5676 0.8548 0.72559
6.852 4.1909 1.4562
3.6029 0.93203 2.1863
5.6519 0.62221 0.93186
5.5036 2.6863 1.5071
3.3608 4.6576 1.5692
1.2041 1.4001 1.0638
6.3617 2.14 1.365
6.9069 2.3818 0.3106
5.0332 5.5137 2.0862
3.8968 2.5307 0.77777
4.1329 4.9389 0.35178
6.0588 4.9494 1.2891
5.3496 5.8754 0.52696
4.1252 2.0011 1.4452
2.7534 3.0503 1.2222
4.8807 6.6469 0.2729
4.7102 5.4515 0.65374
5.5913 0.94841 0.45199
1.2034 3.5705 1.7982
3.6782 3.9721 2.12
3.876 3.2925 2.0546
0.46305 3.1849 1.1389
3.4585 5.2711 1.0172
1.5358 2.0729 1.6669
4.5239 5.431 0.95672
1.0763 6.2069 2.1256
0.92998 1.5665 0.9872
1.7219 0.84185 0.60334
3.0237 0.62543 0.7101
0.61801 0.80424 0.34106
5.1683 1.1067 1.0157
5.6154 3.4098 1.7885
6.5729 0.86603 0.39715
3.2255 4.4731 1.662
5.8905 2.8836 1.7763
3.6265 5.4042 0.4034
0.7611 3.6414 0.78942
3.089 1.608 1.7188
5.9655 1.7542 1.0575
6.9206 3.4557 0.59129
3.1094 3.9435 1.6353
2.8333 0.91353 0.80752
1.5066 6.9368 0.14359
1.0341 0.86236 1.2613
1.6267 2.019 1.1639
3.1504 0.85974 1.022
5.1225 1.6737 1.6826
2.1809 5.441 1.7706
1.8038 5.7136 1.2896
0.95895 6.0208 1.4768
0.61801 4.9195 1.0374
4.8918 4.7367 1.4811
1.1321 0.44101 1.882
1.8861 5.2066 0.57859
3.1503 0.68281 0.67126
5.476 5.2289 0.26476
3.4281 1.5678 0.45398
3.4913 3.2132 0.28647
6.2908 5.8456 1.7747
5.2362 5.7504 1.7192
5.5367 1.2601 0.53957
4.3794 4.9964 0.80751
1.1476 0.98543 0.59551
6.0948 0.6724 0.28467
0.59702 4.1602 1.8774
0.65906 0.26811 0.57773
3.9871 1.2465 1.4771
6.6897 6.3099 0.29262
1.4453 2.3366 0.92962
1.7388 0.011149 0.65878
0.44423 6.784 1.4356
4.9709 5.0255 0.54221
5.4472 2.9928 0.4094
3.5971 5.5144 0.11444
6.5869 0.062613 1.5282
6.7631 2.7692 1.4288
5.2479 0.11856 0.73349
1.3713 0.3733 1.4879
1.4798 2.453 0.53721
4.7962 1.2052 1.213
2.5329 2.4907 0.23168
2.3511 6.8295 1.108
3.4285 6.904 1.6345
5.0183 2.0243 0.91757
4.0494 3.474 0.39473
0.034318 4.4963 0.2497
5.6488 5.2765 0.57943
2.6458 3.9548 0.63049
5.9936 3.8136 0.24501
3.6867 0.36477 0.82071
1.9428 2.818 0.99513
5.4157 2.9048 1.8515
4.9559 1.5829 0.014787
6.5278 3.628 1.6424
5.1568 2.4355 0.75527
4.1238 2.1937 0.96369
4.0937 2.2053 1.0561
2.0405 3.6389 0.6675
1.64 4.3708 0.35505
5.521 3.5724 1.6791
6.5923 5.85 1.7773
1.4312 2.2648 0.37115
5.5761 2.2076 0.78374
3.0372 0.28536 0.4075
3.9443 0.60215 1.4182
4.1975 3.011 0.2758
2.3725 4.5666 6.1727
1.8266 6.5613 1.4615
4.8907 4.247 0.70111
6.756 2.7603 0.40756
3.1422 0.052441 1.2593
4.1551 1.6214 1.1078
1.7756 3.7621 0.89784
0.77481 2.7628 0.57146
3.1537 3.1759 0.976
1.2797 5.9443 1.4934
1.755 0.26859 1.5112
4.2637 5.0422 0.46561
6.5825 6.7662 1.4001
0.038034 0.94559 1.6632
6.6085 2.9224 0.44647
4.0597 5.2834 1.7251
1.4534 5.3338 0.011729
0.69624 4.0717 0.49356
4.0458 4.7577 0.66916
4.1972 4.0262 0.024257
5.2929 4.6519 0.29017
4.1275 0.073438 0.57301
2.4083 5.1956 6.1955
6.9432 6.5189 0.72324
4.8787 5.9165 1.6737
6.2623 3.2104 0.57043
6.3324 2.8662 1.4927
4.7006 5.5738 1.0834
3.3752 3.1236 0.44564
2.8197 1.7292 6.1638
6.7169 1.821 1.7072
5.2378 1.5246 1.2154
0.43216 2.3924 0.6268
3.657 5.473 0.76849
5.9583 3.0903 6.0671
3.6652 4.3328 1.1215
6.1261 4.2773 1.5792
2.9374 6.4006 1.2145
4.8519 6.4386 0.88695
3.8205 0.23188 0.80478
2.4795 6.7463 0.31882
5.5697 5.3153 0.10698
6.7782 1.1321 0.57786
3.6252 6.8922 0.703
4.148 6.8512 0.39748
5.2212 2.5626 5.9791
1.7547 6.5179 0.23279
6.7049 5.7719 6.0143
6.8765 2.3262 1.646
4.2356 5.0264 1.3243
2.9167 2.5304 6.1707
6.1363 4.0787 1.1075
1.9543 5.2388 0.24439
2.4889 6.7799 6.2589
5.6723 4.306 0.11968
1.7099 5.661 0.15929
4.2487 1.3515 6.2297
5.3962 6.1307 1.0297
6.4651 2.7652 0.84002
5.3673 0.99667 0.23472
5.3945 4.8472 0.15634
2.886 2.945 6.1266
1.0251 0.86654 5.9359
3.7812 1.5954 5.9593
2.7352 4.6105 1.4951
2.4854 3.3141 1.4441
6.3056 5.3937 0.26839
5.2164 4.0658 6.2236
0.045259 6.9723 0.56351
4.2976 6.2814 0.24271
5.0864 0.81646 0.38617
5.6575 6.9386 0.1744
5.5927 2.6294 5.9802
1.2053 2.8795 5.9408
3.3228 0.26084 0.37616
5.8734 3.0611 0.95744
1.8804 1.9199 1.4515
3.1656 6.4025 0.81132
5.5476 2.4439 0.34008
2.3841 2.2926 0.76744
0.89347 3.4681 5.9642
5.8233 5.0116 1.3003
4.5786 6.8568 0.27975
6.644 2.7382 0.37638
4.8213 4.8171 6.1135
4.9418 2.2228 0.69654
2.6762 5.0648 5.7928
1.0635 5.0262 0.32627
6.8651 0.7797 1.2879
3.3223 6.4888 0.71453
0.23165 2.782 0.27269
4.6463 6.7213 0.4593
5.9026 3.3557 0.64433
3.7265 0.72393 0.59143
0.71922 5.7099 0.49742
0.15883 0.22492 0.40037
6.5839 1.2584 6.2063
3.0405 4.1002 0.17875
2.4045 1.6216 0.56379
5.0156 2.4192 6.1225
5.9886 6.792 1.1455
1.1228 2.9581 0.76883
6.0055 4.5456 0.86787
6.7703 0.78059 0.42088
0.46945 4.5403 5.9834
1.3746 2.6173 0.039578
1.587 6.2709 1.2345
6.5837 6.8058 1.1962
2.3526 1.4561 0.02025
2.2901 0.33934 6.2253
3.0603 6.7405 0.84112
6.0494 2.6754 6.2405
0.39091 1.9639 5.8945
0.59006 6.8072 5.6593
4.8374 0.86671 0.4466
4.3301 4.8791 0.10749
3.8224 3.0406 6.2715
4.2262 0.25531 1.2523
2.2936 5.5998 0.74712
1.2679 3.8675 0.94076
0.82286 5.4691 0.50026
0.96306 1.842 0.99606
5.6388 6.4894 5.6451
4.7557 1.6646 1.1711
3.7417 1.3839 1.1669
1.1651 2.9248 0.97371
5.2355 2.646 0.90739
4.9571 2.7848 5.9779
3.6597 6.1332 0.92938
2.7782 2.9581 0.1051
1.1826 1.3953 5.7927
1.9752 0.8647 0.79595
4.6794 6.5671 0.027931
3.7128 5.1341 5.4964
4.1664 0.40224 6.2075
3.805 2.1365 0.013278
2.8726 6.9225 0.14739
6.7045 1.9166 0.23439
2.0861 6.8947 0.22381
2.4047 0.63833 6.2295
5.2823 1.5732 6.1322
1.7097 2.6911 5.4441
3.1805 5.5795 0.011162
2.4977 3.0427 5.6899
5.0566 2.6789 5.84
5.2646 4.0915 0.16268
5.9618 0.94384 0.81902
5.3114 3.8006 5.6367
