2.75 4.9373 0.2862
2.3908 1.4484 0.32612
2.522 2.9754 0.34407
3.7123 0.49468 0.34641
2.4184 3.0478 0.27223
1.3655 3.6498 0.33201
2.4261 3.807 0.26216
1.6492 4.169 0.32923
3.9318 1.5024 0.3282
4.4895 0.89348 0.33708
1.6903 1.0954 0.2874
1.5498 1.2601 0.31418
0.30917 1.6837 0.27387
3.5769 1.3399 0.29799
4.3855 3.4509 0.24046
3.3963 1.452 0.30325
4.8103 0.93113 0.30938
0.74937 3.2424 0.28785
4.9248 3.7326 0.3128
2.8261 2.9166 0.3
2.8527 0.075619 0.25133
0.99023 1.5226 0.25291
3.0362 2.6948 0.23125
4.3539 1.6396 0.25319
4.3303 2.3314 0.30339
2.6507 2.8089 0.3093
2.0636 1.6833 0.24439
2.971 3.0176 0.23955
0.30746 2.0642 0.30723
0.095491 3.4376 0.22962
0.365 0.57501 0.30966
4.0095 4.926 0.23817
4.4064 2.182 0.24479
3.7984 3.3335 0.2743
1.3996 0.9394 0.29902
1.2463 1.135 0.22514
0.37132 4.2074 0.26377
3.9848 4.4339 0.25108
1.4944 4.3052 0.26245
1.2851 4.9176 0.27691
0.076534 3.8475 0.28278
0.75855 1.2198 0.286
4.7067 2.6879 0.25576
2.3256 0.048871 0.24216
1.4186 3.0948 0.2783
0.91669 3.4539 0.20125
0.099097 1.4656 0.25758
0.8591 1.3816 0.2719
1.6996 3.5424 0.20114
0.47235 0.58881 0.25744
4.1286 2.8019 0.2328
2.16 0.83496 0.27137
1.6397 0.15136 0.1882
3.9859 3.4779 0.21214
1.6064 1.609 0.18877
1.5899 4.8474 0.22507
3.2262 3.5046 0.19616
1.3206 2.9095 0.24469
4.9846 1.0925 0.22091
4.0233 3.5501 0.18148
3.6615 4.6511 0.20766
1.3492 4.304 0.26775
2.2891 2.4564 0.23664
0.60158 0.76564 0.26587
1.3714 2.4021 0.22435
0.85392 1.043 0.17314
3.0031 2.0923 0.2572
3.8326 0.84315 0.20095
4.7022 3.6122 0.17893
0.53322 4.6769 0.16689
3.4509 4.9942 0.21809
4.7603 2.9586 0.18796
2.611 1.5718 0.21014
4.6927 4.6906 0.19777
4.3199 4.0967 0.23013
1.5522 0.69502 0.19375
4.7024 4.4195 0.22586
1.9677 1.1254 0.25711
0.67151 0.057461 0.16333
2.2119 3.4441 0.16688
2.7803 1.0294 0.22837
4.61 3.3358 0.15681
4.0298 3.4891 0.19162
2.8525 4.2711 0.17876
0.84292 4.5562 0.19639
0.89799 2.3818 0.18192
2.4395 4.4248 0.22575
3.8658 4.394 0.15764
1.3401 2.7956 0.19284
3.9686 0.59394 0.15863
3.7997 0.085327 0.1582
2.9649 3.714 0.21817
2.5205 0.17145 0.20617
3.2764 1.5906 0.142
4.5784 0.085496 0.20847
2.1088 4.9691 0.14905
1.794 2.6167 0.15399
3.2139 0.26273 0.19192
1.9723 1.773 0.22016
4.896 0.061748 0.19138
4.8012 2.2107 0.19261
1.8296 4.7602 0.1612
0.85687 2.0285 0.21679
1.1903 3.4664 0.17397
2.2703 2.1294 0.14244
0.064849 4.6068 0.18313
0.078584 3.2672 0.19401
1.7308 3.8609 0.16252
3.354 0.27727 0.12855
2.8029 2.3243 0.13441
1.5291 0.77797 0.13029
3.226 4.272 0.16525
1.7186 2.7373 0.20439
1.3507 2.0448 0.13208
2.1911 3.0516 0.12319
2.3523 3.7979 0.15307
1.3587 1.0429 0.17531
0.20918 3.3168 0.15011
2.0434 0.078375 0.19358
0.86014 0.20951 0.17739
1.8583 4.3799 0.19158
4.7094 0.26208 0.19875
0.95114 3.5105 0.11454
3.8712 0.36535 0.20382
2.4272 3.7672 0.20554
0.3801 1.8323 0.14987
4.1628 3.3329 0.10625
2.7643 0.93975 0.11887
3.9675 3.0004 0.18918
3.3222 0.30157 0.1872
0.90374 2.5881 0.1923
4.7021 2.5853 0.1615
4.9485 4.5831 0.15335
1.7243 3.7561 0.10146
4.9474 2.489 0.10994
4.3342 3.5624 0.14979
4.3562 1.5808 0.10677
2.5538 1.7049 0.13574
2.781 1.8939 0.13887
3.3613 1.6222 0.1449
1.7884 4.8463 0.11501
0.97403 4.1851 0.18336
0.72716 4.0184 0.1485
2.3616 1.3985 0.15075
2.6954 1.001 0.13039
3.3872 2.8398 0.09976
1.3743 1.6983 0.11748
1.2534 1.2133 0.14457
4.3324 1.8483 0.14707
1.3972 2.5548 0.09713
0.9993 3.2274 0.099662
1.364 2.2217 0.07844
4.1348 0.4496 0.12794
1.749 0.38831 0.1433
3.4811 2.0673 0.095066
1.8223 3.1397 0.097911
4.5896 4.6099 0.074166
4.5018 4.4037 0.16997
3.3995 2.9764 0.10051
4.2898 2.7972 0.127
4.1522 3.7463 0.099497
1.03 0.8428 0.086672
0.37827 3.5054 0.12897
4.2904 4.9853 0.066354
1.9488 2.6391 0.0882
4.7369 2.27 0.063182
0.51626 0.32311 0.12695
3.7769 0.7981 0.09792
3.4317 2.6515 0.11472
0.50678 2.7042 0.12754
4.1818 3.9756 0.084046
3.8896 1.4997 0.13885
1.1612 3.6011 0.094563
1.0957 1.2241 0.11551
1.0953 0.34274 0.096718
3.1012 4.1933 0.053068
4.8632 0.67166 0.13959
3.2153 2.6385 0.054804
1.266 2.1337 0.063446
2.607 1.0571 0.073021
3.5001 1.0618 0.068698
4.0303 1.6933 0.11456
4.3419 4.9044 0.10399
2.2422 2.3104 0.12416
0.82311 2.9344 0.10886
1.3848 3.941 0.093401
0.87614 4.0512 0.052342
4.491 1.1989 0.06184
3.6955 3.8817 0.11441
2.2746 0.70093 0.060596
0.54719 0.095607 0.10333
1.7839 2.1555 0.091799
4.961 0.93322 0.050719
1.5783 3.3187 0.080887
0.9276 4.5724 0.1308
3.3546 2.4426 0.12318
2.5339 3.4944 0.062444
1.7534 1.8323 0.12907
2.3303 3.8856 0.062402
4.8186 1.3349 0.098105
0.012645 2.12 0.059661
2.9555 2.376 0.074319
0.96253 2.2591 0.086337
3.3611 1.3836 0.040242
2.7994 4.6286 0.073333
4.2334 0.38307 0.097207
0.79307 4.1681 0.032704
0.25353 0.62869 0.065622
3.6728 0.35578 0.035491
2.8962 2.4267 0.096555
1.0539 3.2666 0.11242
1.0906 2.9696 0.061294
1.9622 1.461 0.036402
4.4829 1.8215 0.09318
3.1531 4.0661 0.10992
3.9283 2.5174 0.062009
3.0755 0.31684 0.040516
0.099167 0.10774 0.085687
1.0511 1.7471 0.078689
4.0021 0.74498 0.055183
1.0909 4.9916 0.017171
3.4421 1.009 0.034174
2.6927 2.7039 0.066579
4.9745 4.6173 0.042738
2.4161 1.9648 0.10582
4.94 0.36304 0.012813
0.41696 3.8055 0.098646
1.4058 3.3834 0.078665
2.3073 0.00021084 0.05186
3.195 0.85167 0.017508
0.69746 2.6854 0.035865
2.1435 0.20416 0.040802
3.7629 1.3838 0.088163
4.4041 3.4901 0.077146
1.4516 3.4176 0.022506
0.11123 2.665 0.029328
4.7104 1.5198 0.011904
0.45868 3.4599 0.089479
3.9018 3.7198 0.068142
1.6832 2.3372 0.0561
2.2214 4.6731 0.016285
1.7287 0.78726 0.019176
1.9758 2.689 0.011679
1.224 3.0472 6.2792
4.3279 3.442 0.026545
4.8189 2.3182 0.00055355
2.3535 2.6055 0.031134
3.1649 1.0142 0.075727
1.7282 3.9453 0.015304
4.3162 1.3333 6.2827
1.4605 3.2928 0.026275
3.8406 2.6341 0.039135
2.152 0.36045 0.072135
1.9806 2.5057 0.024909
3.7375 3.3451 0.063943
4.1482 4.2584 0.057685
3.9752 3.3047 0.02348
2.2876 0.96105 0.062788
4.8033 0.93702 0.0061251
4.8076 0.54653 6.2591
0.65796 0.99979 0.057916
2.6276 3.9952 6.2732
4.2319 3.0332 0.055512
3.1193 2.6957 6.2815
1.4538 3.6161 0.035336
1.8388 2.8884 0.060925
1.3088 3.687 0.024942
2.086 3.5886 0.063218
2.7822 4.75 6.2682
4.6101 3.4991 0.013336
4.9703 3.3648 0.025908
0.060273 2.7437 6.2666
4.3678 0.95767 0.0083322
2.0717 3.668 0.031597
1.9261 1.1328 0.0065454
4.8111 0.43789 0.040232
0.32538 1.1031 0.031889
0.32376 1.662 6.2493
0.16318 0.57166 0.04394
2.9884 0.099337 0.037844
0.84566 1.9455 0.048524
4.1601 4.7327 0.038596
0.89834 1.215 0.046378
4.4996 4.1387 0.01763
3.2511 3.7139 6.2575
0.4729 2.1842 6.2513
0.021428 2.7386 6.2502
4.5797 3.3511 0.017557
1.8069 1.4398 6.2471
1.0704 0.68936 0.035421
3.5241 3.7173 6.2714
1.7859 3.1255 6.2652
0.56126 2.1789 0.016961
4.5722 4.8658 6.2738
0.37133 0.86558 6.2713
0.90474 4.6046 6.2785
3.7583 3.98 6.2406
3.5231 2.4309 6.2567
3.91 1.356 6.2374
1.9657 3.6163 6.2794
