0.090388 21.893 0.15504
3.2623 17.661 0.12505
15.04 6.8462 0.12603
19.767 19.381 0.12134
0.81995 17.478 0.10801
22.448 16.153 0.14756
6.6548 10.97 0.098046
11.085 17.402 0.1373
24.238 5.358 0.14148
23.349 8.7852 0.11809
6.165 13.1 0.10838
15.562 16.303 0.14501
16.398 12.119 0.17834
14.452 12.194 0.096694
23.63 4.0321 0.14668
10.443 18.728 0.14507
16.667 13.602 0.11682
4.119 7.8009 0.16189
17.231 24.83 0.16407
6.5972 4.8279 0.11265
8.6341 16.893 0.15384
22.335 22.875 0.10691
24.155 7.7877 0.15213
21.013 11.918 0.1215
20.048 8.4552 0.10513
14.532 6.0332 0.088188
1.5719 9.4771 0.10284
1.7934 22.277 0.077929
2.3384 15.367 0.08355
16.394 10.808 0.1138
8.7167 0.63051 0.09698
10.819 13.828 0.15552
6.8013 15.734 0.14223
0.69603 1.8337 0.13689
5.4832 10.798 0.11621
2.4686 22.969 0.1538
17.81 6.6849 0.075348
20.122 7.7008 0.17043
16.956 22.998 0.074679
24.005 14.403 0.097132
17.255 7.6621 0.069786
22.911 23.342 0.079609
0.79212 15.776 0.11803
16.954 5.3853 0.11457
20.675 12.186 0.07925
11.316 23.774 0.093482
22.173 14.359 0.10186
21.924 20.289 0.072562
6.8637 16.385 0.11694
24.175 12.082 0.086077
10.152 1.2095 0.079255
8.0329 15.144 0.16006
12.847 2.765 0.083017
14.228 2.1008 0.14174
13.088 22.111 0.10799
8.681 24.176 0.068762
19.591 23.773 0.10177
16.786 12.924 0.11196
21.191 6.9638 0.14996
21.459 11.904 0.058425
2.0521 21.161 0.067478
18.739 21.424 0.074834
19.045 19.473 0.13364
11.775 9.3317 0.069798
16.369 2.1085 0.069929
3.5357 13.533 0.11246
19.289 0.56385 0.14701
6.3271 8.6937 0.14402
15.871 10.016 0.064249
8.3969 6.2551 0.07914
4.8527 24.849 0.099916
6.402 19.593 0.146
18.632 20.176 0.077232
1.007 0.6732 0.073029
6.0999 14.113 0.10303
23.188 1.9241 0.050059
21.297 23.951 0.12148
20.574 10.839 0.10304
15.958 14.216 0.088942
2.7886 11.574 0.085893
23.998 19.1 0.051946
13.641 18.67 0.062264
0.96017 9.384 0.046738
9.2092 19.596 0.12506
20.979 15.883 0.11482
21.978 9.9913 0.071766
18.904 4.968 0.08614
6.0807 8.585 0.060878
15.904 18.165 0.114
17.084 2.1116 0.093342
20.58 0.00054097 0.08823
7.4281 20.931 0.05412
10.006 2.1296 0.12669
7.3915 1.6625 0.091332
16.325 8.8941 0.10239
3.7825 4.447 0.060212
9.8814 8.0243 0.044056
1.1283 13.558 0.064703
2.7752 10.104 0.042872
12.458 23.969 0.10956
18.612 6.9857 0.07543
12.242 17.677 0.041837
13.629 15.991 0.039229
12.316 11.167 0.060643
24.671 8.8072 0.06477
13.835 22.887 0.092738
9.531 13.774 0.10822
7.4856 9.667 0.085903
13.613 13.133 0.12246
23.156 3.8422 0.076229
20.083 7.3802 0.12385
14.965 1.0466 0.074793
0.94527 7.8959 0.11847
12.56 17.933 0.046987
10.461 13.027 0.096624
13.71 10.117 0.12287
3.198 24.052 0.088689
12.659 12.764 0.032351
23.919 19.157 0.11699
6.4465 9.3059 0.085794
15.877 9.701 0.11991
19.339 19.774 0.094646
7.0353 14.402 0.082223
13.508 24.802 0.10344
8.1647 4.9953 0.029313
22.028 19.377 0.078041
15.457 13.693 0.090804
17.325 17.648 0.052482
21.429 0.93692 0.039309
1.0279 16.312 0.044504
6.4321 12.038 0.020638
7.9901 19.576 0.034343
24.154 23.793 0.029738
18.459 18.283 0.052941
16.647 12.375 0.063563
19.483 13.696 0.020225
20.314 1.4044 0.096187
23.386 6.9633 0.11059
4.371 5.7232 0.051664
2.9976 20.728 0.026546
21.572 7.5942 0.062901
9.9337 19.036 0.078276
20.653 23.296 0.064193
7.7743 18.379 0.085915
1.8218 11.534 0.10479
7.0542 15.066 0.047039
20.201 21.168 0.016525
5.1757 4.7557 0.089335
16.596 19.669 0.049584
20.374 15.444 0.084944
3.9012 6.0897 0.037543
5.313 5.1191 0.048952
22.1 10.763 0.018039
6.9287 20.946 0.030858
4.528 12.359 0.064908
7.7413 9.02 0.020497
5.4789 13.993 0.0094723
9.1521 5.2008 0.02871
10.299 16.525 0.028286
9.9913 24.523 0.0083844
24.351 14.815 0.051634
10.389 24.19 0.027745
5.5184 1.4597 0.08611
23.047 18.256 0.037161
6.173 17.732 0.038763
8.9741 14.291 0.033939
2.9319 13.81 0.064645
15.162 24.927 0.038688
9.9649 17.076 0.057843
5.384 11.857 0.089004
23.106 24.143 0.016342
3.3916 9.8481 0.082521
24.909 16.729 0.011948
23.024 2.8545 0.038366
23.076 21.934 0.018972
17.028 1.1807 0.026832
24.212 15.979 0.041871
3.2743 24.972 0.035302
8.2644 12.67 0.063759
9.0758 3.4511 0.090493
6.2022 11.783 0.040163
16.042 18.48 0.042471
24.838 17.622 0.059883
15.032 2.2865 0.037351
16.521 15.228 0.026515
22.722 2.5071 0.090112
9.6491 5.1825 0.079264
4.1118 20.984 0.034646
2.7201 6.9131 0.074348
6.8241 14.965 0.086853
24.256 23.222 0.041917
13.675 13.307 0.022891
1.4125 5.5678 0.089256
11.334 4.6712 0.065109
16.652 10.213 0.078925
14.492 4.9743 0.023522
5.1123 13.099 0.0058677
18.164 22.155 0.081923
16.632 19.989 0.088643
5.3304 17.821 0.034166
18.992 24.23 6.2785
20.976 1.6713 0.0067458
5.3332 3.968 0.032985
2.862 19.291 0.001106
23.008 21.277 0.018555
5.7251 4.0552 0.008845
5.9187 18.236 0.0070647
12.371 6.0561 0.0036897
11.939 16.438 0.037972
2.5968 0.078817 0.080247
3.3361 23.173 6.2829
5.9691 0.8658 0.034499
16.342 10.906 0.0030129
21.855 6.163 0.014764
23.254 14.33 0.05628
16.684 11.25 0.073106
7.3314 16.26 0.059672
7.492 3.9263 0.037866
1.4501 14.133 6.2718
4.5322 13.098 0.085289
10.395 8.8639 0.016365
1.2091 8.1127 0.076705
18.551 6.9609 0.056299
12.039 14.585 0.08475
0.8832 1.8715 0.014745
1.8009 22.426 6.27
10.609 24.412 0.037096
3.8107 10.929 0.078014
5.3822 22.104 0.039959
2.1405 3.139 0.040506
10.127 5.3666 0.033351
11.022 3.5638 0.067812
22.069 3.6107 0.018365
8.2363 21.649 0.079114
12.88 2.5328 0.025322
15.434 6.067 6.2736
13.715 4.7502 6.2764
8.123 16.831 0.0053137
6.3556 19.877 0.08104
13.32 3.1251 0.042943
14.533 13.981 0.052196
21.265 13.833 0.069749
0.51761 15.186 0.053311
7.0644 3.96 0.03078
10.668 9.9665 0.036463
11.074 18.746 0.016664
7.71 22.801 0.045849
20.724 15.727 0.068655
11.556 11.445 0.042284
22.429 10.948 6.2701
24.063 4.1561 6.2762
12.175 11.58 0.010251
11.128 18.706 0.02491
16.892 19.785 0.043486
14.353 9.251 0.0084634
16.574 13.394 0.0039133
24.899 18.078 0.024337
15.476 22.66 6.2634
8.1691 9.8352 6.2649
21.797 13.532 0.012327
10.189 12.103 6.2697
22.866 8.8421 0.039626
12.66 7.5161 6.2671
9.972 13.604 0.073536
19.737 24.695 6.2653
21.307 11.204 0.050333
1.3321 21.844 0.060212
5.0481 14.146 0.057768
21.936 19.357 0.04903
19.391 17.416 6.2692
1.9011 4.5571 0.035038
18.576 21.468 0.0075144
5.3281 0.73329 6.2703
17.043 0.22579 0.036931
18.945 9.9435 0.031056
3.207 23.53 0.0086629
19.842 10.189 6.2774
20.743 16.77 6.2728
17.6 22.542 0.02846
1.6716 22.847 0.061264
19.848 10.793 0.056764
5.6287 20.539 0.022796
3.0041 10.807 0.056199
5.1162 22.334 0.044646
19.1 24.269 0.067225
1.8972 19.353 0.022519
14.741 12.171 0.011354
23.637 10.426 0.04
2.2528 23.388 0.028995
13.118 24.474 0.030369
4.1021 22.634 0.04619
15.743 0.80223 0.048705
18.511 18.588 6.2515
24.988 1.5372 6.2346
11.78 20.809 6.2561
17.051 22.231 0.039321
19.871 18.229 6.2518
9.1076 3.6023 0.018307
5.408 8.1724 0.0078019
10.723 18.825 6.2664
