16.01 12.807 0.54378
19.188 8.5627 0.49405
5.9812 22.72 0.50112
10.724 10.21 0.5685
16.814 8.2024 0.53972
13.489 6.8022 0.51586
22.697 1.5974 0.49601
2.139 8.0161 0.56812
15.315 20.891 0.47272
14.446 24.317 0.47899
22.284 3.5591 0.48878
6.7068 6.7103 0.52305
7.5809 2.4235 0.49337
5.6457 2.5131 0.47588
14.826 19.299 0.55264
1.6889 8.9133 0.54052
7.916 3.755 0.53692
20.395 22.933 0.52697
8.4958 14.973 0.51117
22.905 19.833 0.51119
24.987 6.7904 0.51455
13.686 12.78 0.44433
15.505 22.695 0.48524
12.384 1.7654 0.49657
11.44 23.215 0.47491
5.9413 20.801 0.45628
18.027 24.169 0.50902
18.275 11.875 0.47998
18.807 4.9677 0.44515
7.8708 0.41071 0.50541
0.24217 15.09 0.45995
2.3632 3.2691 0.48498
23.36 5.1422 0.43968
17.274 16.149 0.41858
22.063 0.14154 0.42505
19.068 12.234 0.42643
9.4417 20.928 0.45084
11.768 21.881 0.44811
8.6233 12.15 0.43583
15.706 3.4301 0.49248
8.9308 21.782 0.48946
14.635 12.323 0.43949
17.519 4.7637 0.46796
8.6969 19.318 0.44455
12.437 1.0581 0.48309
3.0964 12.583 0.42027
13.987 3.1192 0.44699
13.733 9.0331 0.43505
23.711 5.0597 0.41437
16.021 0.75585 0.39921
2.0091 14.826 0.38832
24.913 3.7291 0.4579
4.7335 16.306 0.43079
6.1242 15.601 0.47622
5.0109 10.542 0.4408
0.63355 12.55 0.41004
11.551 12.089 0.42023
8.7656 1.2164 0.44705
13.168 20.255 0.46498
13.453 0.15037 0.44807
19.068 9.3614 0.39589
10.748 9.611 0.38858
11.091 7.5576 0.39938
3.8377 22.34 0.43613
8.4454 15.128 0.41351
20.617 1.5284 0.36642
11.393 13.47 0.39041
23.467 21.537 0.36611
8.0118 22.847 0.40011
0.55006 19.077 0.38952
22.002 12.649 0.41588
23.571 7.3511 0.3821
10.801 7.9137 0.42925
18.224 13.285 0.3667
23.311 1.7148 0.39668
15.409 14.489 0.43325
13.532 11.49 0.34325
12.824 23.307 0.33572
8.244 1.6081 0.33917
20.064 23.99 0.35279
16.282 6.4608 0.38669
5.95 5.9592 0.39826
18.272 21.696 0.42404
1.5167 6.8863 0.41007
13.306 3.0844 0.35707
14.326 22.149 0.3523
11.269 17.107 0.32439
23.458 20.678 0.36689
8.2984 5.2273 0.33684
9.4841 14.115 0.40952
13.005 11.947 0.32135
24.876 7.8127 0.39012
2.4448 14.006 0.3928
24.844 13.508 0.36243
8.7701 20.764 0.37752
21.259 16.199 0.31249
2.3828 19.736 0.30387
18.634 0.20409 0.36568
20.279 21.767 0.36628
4.9873 10.586 0.35527
11.156 18.538 0.37435
4.7915 4.1962 0.32299
6.168 2.5346 0.34198
4.8849 22.626 0.33952
17.224 20.307 0.31258
6.4241 9.272 0.29133
2.1479 0.10969 0.33059
0.0878 21.023 0.35696
6.2314 24.423 0.36427
15.792 15.08 0.33522
12.733 18.548 0.30471
7.6265 12.183 0.28234
18.594 19.038 0.28147
5.2209 4.0522 0.34825
3.1415 24.077 0.34553
6.3959 21.103 0.2804
20.886 10.068 0.28276
5.3783 23.665 0.32346
16.638 5.0681 0.31935
24.186 20.198 0.30447
8.6252 20.495 0.33532
12.091 5.5721 0.35088
24.788 0.15927 0.25441
6.2951 10.481 0.26895
0.95708 15.661 0.29264
14.822 5.045 0.34161
8.2643 24.285 0.27385
10.133 3.2388 0.3021
14.244 11.514 0.29559
18.861 1.782 0.33295
24.284 22.478 0.28337
0.8402 4.9891 0.29554
17.014 9.2128 0.28134
11.337 3.5881 0.31348
9.526 22.686 0.2783
12.386 23.931 0.23886
13.204 11.681 0.28772
16.289 17.208 0.25368
22.292 15.902 0.27287
20.938 5.8148 0.2698
14.506 17.735 0.22554
2.8797 4.1114 0.31634
13.585 8.3832 0.2498
0.73716 3.421 0.23982
19.787 21.509 0.24793
0.022319 0.094148 0.31297
13.19 6.1191 0.2388
23.163 14.642 0.30442
9.5987 4.527 0.26398
13.394 0.2611 0.29166
21.925 15.899 0.26661
23.352 14.821 0.2843
15.154 20.462 0.27606
24.989 5.5965 0.27884
22.584 22.04 0.26827
0.79895 18.68 0.22383
23.547 23.612 0.2617
2.2362 14.766 0.27294
3.3783 1.0883 0.2214
3.1048 8.9885 0.2212
17.46 24.264 0.2057
3.5252 8.5673 0.2053
23.65 10.848 0.23827
16.177 2.5829 0.21237
24.317 2.0676 0.22998
2.1201 23.653 0.22876
21.097 23.065 0.24929
8.3436 9.129 0.23285
3.1527 1.3002 0.24946
23.585 21.003 0.23623
16.312 8.2638 0.21177
21.612 18.907 0.2585
18.14 0.74988 0.17861
16.26 11.889 0.19212
16.306 5.9686 0.23828
10.282 10.112 0.25024
17.455 24.95 0.1606
21.513 8.9026 0.25805
1.539 21.536 0.24405
2.342 12.328 0.20355
24.498 20.578 0.17309
9.3479 2.2641 0.22289
18.137 1.3562 0.2367
8.3389 10.987 0.20635
9.8408 23.884 0.23287
16.075 11.092 0.23834
2.9886 13.763 0.15935
22.464 4.6041 0.17882
21.091 15.459 0.21993
0.20108 23.456 0.14427
17.658 6.6201 0.16745
7.0978 21.689 0.13783
19.828 13.925 0.15821
4.7603 13.011 0.15493
10.086 18.541 0.17396
7.9378 13.298 0.19984
23.574 21.356 0.14101
11.637 5.3548 0.17176
10.107 3.1373 0.13348
23.816 0.9821 0.19841
12.503 7.3249 0.20368
14.488 9.7295 0.16212
23.852 12.047 0.13034
21.407 2.2979 0.15435
16.561 4.2056 0.1903
24.29 11.943 0.2014
24.492 1.1025 0.15882
5.9475 13.891 0.14638
5.5302 24.251 0.14862
21.219 7.8145 0.18712
21.978 5.8679 0.12706
24.608 8.5371 0.18142
9.9966 18.558 0.19601
15.519 13.807 0.12603
16.939 21.892 0.13285
10.366 18.869 0.10178
1.0245 23.787 0.13465
1.2065 11.378 0.18202
20.18 21.534 0.16794
23.272 20.471 0.17917
4.1587 16.116 0.089464
19.988 15.355 0.088421
12.336 14.205 0.14098
5.8319 21.844 0.17954
19.703 9.0363 0.16292
20.639 4.5295 0.14015
4.4576 6.4221 0.12027
22.685 17.92 0.082052
24.273 4.0661 0.11039
21.047 9.954 0.12698
4.0351 12.274 0.12357
4.9518 10.357 0.089281
16.008 10.405 0.072949
2.1975 3.3532 0.072985
6.852 9.2224 0.14423
9.416 12.7 0.12274
7.7215 11.377 0.10178
2.1497 23.339 0.15407
0.39973 1.324 0.06615
7.3762 9.5445 0.10271
8.614 20.276 0.10933
15.354 20.155 0.077155
19.618 21.46 0.12658
1.1902 10.15 0.095193
4.8164 16.065 0.077054
5.2384 24.8 0.14717
1.8883 3.8529 0.066115
14.924 21.644 0.093791
5.7731 17.348 0.13559
16.659 16.81 0.089438
18.32 9.9032 0.11904
6.4523 17.271 0.12386
5.4115 24.377 0.097804
11.184 0.42657 0.10675
8.6708 14.803 0.13263
10.912 18.851 0.061571
19.243 23.552 0.11668
9.8494 3.0229 0.068856
2.5535 15.122 0.071583
16.205 18.757 0.089695
4.6156 17.226 0.070763
17.32 13.872 0.055308
7.1223 12.515 0.047981
4.4483 18.575 0.069865
14.231 4.5695 0.062805
15.82 15.994 0.10237
20.861 1.5383 0.088732
24.596 18.745 0.065783
16.498 23.915 0.088904
13.976 21.89 0.12008
21.504 8.9361 0.028803
13.193 0.78123 0.052111
24.959 4.9552 0.12146
11.696 4.2906 0.080604
13.613 13.956 0.025197
22.893 2.4962 0.096554
14.545 14.023 0.074285
15.46 20.514 0.10405
12.335 1.1935 0.062194
21.422 1.4 0.087046
14.613 14.268 0.076053
0.4115 23.895 0.10386
22.805 13.984 0.10603
24.926 0.47039 0.077064
13.927 2.2258 0.084205
21.736 22.22 0.039722
9.588 14.99 0.039515
18.501 13.081 0.067713
22.13 0.88843 0.035045
8.0063 1.8165 0.079398
24.001 24.894 0.10484
10.649 3.0133 0.058381
13.43 20.524 0.021929
19.917 3.3621 0.01643
6.7235 22.337 0.0064352
12.001 23.59 0.026093
14.831 19.325 6.2618
4.0765 4.4665 6.2579
0.38458 8.6814 6.2397
5.7046 18.81 0.039962
