1.8097 1.608 0.24549
1.4624 3.1001 0.2493
1.5816 4.6466 0.26172
2.7836 2.139 0.18858
1.4915 4.6956 0.18073
0.44072 0.28976 0.266
1.5001 0.4529 0.21663
0.73314 0.79526 0.23169
3.0082 3.1389 0.24147
3.5751 2.5206 0.27002
0.7746 2.7117 0.25608
0.63656 2.8772 0.21234
4.3878 3.3132 0.24935
2.6727 2.9336 0.18294
3.4789 0.044663 0.21585
2.4984 3.0346 0.20982
3.9079 2.5274 0.18448
4.8485 4.8269 0.1876
4.0251 0.32194 0.22524
1.9333 4.4873 0.19484
1.9615 1.6468 0.17
0.10832 3.0678 0.22828
2.1439 4.2621 0.24336
3.4685 3.1932 0.16182
3.4513 3.8688 0.21655
1.767 4.3608 0.2192
1.1906 3.2148 0.15464
2.0931 4.5513 0.18269
4.435 3.5813 0.15939
4.219 4.9661 0.21523
4.4999 2.0917 0.212
3.1402 1.4396 0.15053
3.5454 3.6722 0.17063
2.9274 4.8486 0.22607
0.53032 2.4563 0.22939
0.38228 2.6361 0.17206
4.5131 0.69562 0.18027
3.1275 0.92232 0.13665
0.63395 0.78601 0.20294
0.42808 1.4114 0.22606
4.2207 0.32573 0.16916
4.9083 2.6908 0.19743
3.8616 4.1424 0.16799
1.4751 1.5128 0.14214
0.56933 4.56 0.22334
0.077925 4.9006 0.13216
4.2574 2.9131 0.22103
0.024792 2.8122 0.14346
0.85129 4.9902 0.13667
4.6336 2.0187 0.16203
3.2915 4.2234 0.13961
1.3311 2.2519 0.18603
0.8103 1.5594 0.16172
3.1609 4.8785 0.14956
0.77545 3.0244 0.21399
0.7654 1.2524 0.15256
2.4036 4.8988 0.16481
0.49953 4.303 0.12337
4.1647 2.4823 0.12412
3.205 4.9275 0.1137
2.8476 1.0194 0.16711
0.53603 0.67363 0.13494
1.4802 3.8156 0.1416
4.7885 2.1373 0.11419
0.56194 3.7639 0.17323
0.05289 2.3848 0.1334
2.1914 3.4602 0.11996
3.0246 2.1943 0.15737
3.8954 4.948 0.19657
4.7315 1.0148 0.13494
2.6477 1.3252 0.10059
3.9612 4.2852 0.17953
1.8056 2.9122 0.15839
3.8939 1.0118 0.10557
3.5168 0.4265 0.16156
0.75667 2.0015 0.16141
3.9057 0.74369 0.14416
1.1821 2.4106 0.10257
4.8739 1.3767 0.1532
1.4254 4.742 0.16776
1.991 2.3337 0.13433
3.8189 4.6278 0.18309
3.2493 4.7651 0.18172
2.0729 0.55092 0.10429
0.065452 0.82199 0.12119
0.11877 3.6429 0.10563
1.6598 0.70494 0.17643
3.0839 0.65875 0.086899
0.56533 4.0541 0.12651
3.1849 1.8622 0.16967
3.0345 1.3179 0.12255
2.1903 4.976 0.17902
1.7459 1.4072 0.089438
2.5054 2.8327 0.141
3.8126 1.3149 0.10926
1.342 1.2176 0.080886
1.0254 3.856 0.084198
2.4471 1.5047 0.13622
1.2071 2.9885 0.099129
4.1297 1.2724 0.088155
4.0365 3.4244 0.12856
1.0739 0.95587 0.08553
0.097062 3.221 0.077534
0.43581 4.6602 0.11075
1.5167 3.3155 0.11188
4.307 0.79876 0.093649
4.3233 4.447 0.078358
0.96989 0.067627 0.084556
2.6046 1.4461 0.11066
2.0501 3.5005 0.12405
0.78148 1.9434 0.071161
2.4793 0.44223 0.11539
0.97123 3.8989 0.098232
0.61093 3.1836 0.10921
1.4497 4.2029 0.10514
1.6064 4.9573 0.13207
0.6175 2.1776 0.10951
4.4664 4.4635 0.09795
1.3065 1.2053 0.073329
0.11722 1.3517 0.1403
1.1189 0.51921 0.066414
3.9733 1.3938 0.074995
0.21143 4.6225 0.082211
3.1352 1.4755 0.093582
1.6936 4.8762 0.10207
4.6484 2.9419 0.14358
3.4285 4.4463 0.12535
2.0324 2.0504 0.14171
3.2396 4.1005 0.055542
2.5865 1.4204 0.11859
0.1815 3.655 0.11805
3.97 3.6949 0.11905
4.2217 0.67133 0.089771
0.99563 4.8465 0.071831
4.2259 3.5645 0.069133
3.6081 4.6489 0.11928
3.6339 2.6538 0.12854
1.8374 2.7649 0.13893
2.0602 2.9667 0.079312
2.6425 2.6796 0.12871
1.0668 0.90415 0.063983
0.25657 0.23876 0.053056
0.011117 0.07065 0.066063
1.639 2.4656 0.072606
1.9772 2.0452 0.091167
2.665 3.9093 0.069998
0.66173 2.729 0.12924
0.54277 2.2339 0.081915
3.6216 2.8809 0.091009
0.68278 3.5896 0.11174
0.28634 4.2543 0.068546
0.6465 3.2552 0.10628
3.4248 1.47 0.11335
1.0434 1.4024 0.090841
2.7709 3.0945 0.059828
1.1182 4.1388 0.10607
3.8844 0.61427 0.10447
3.7953 0.40024 0.047168
2.6946 3.9776 0.13129
3.5878 3.7899 0.084824
3.4501 4.7324 0.094399
0.33173 1.8356 0.063331
4.6815 4.48 0.1282
3.5865 0.97542 0.094383
1.2437 3.6242 0.12574
4.037 3.2518 0.062045
4.8158 1.2999 0.035879
3.0782 1.7675 0.0901
2.7381 3.6076 0.097162
4.8085 3.6795 0.026087
3.4889 4.9353 0.043551
3.1943 2.4546 0.12118
0.46991 4.5411 0.11281
0.40331 2.1679 0.082696
0.40313 1.2887 0.089092
2.4162 0.12868 0.039992
4.1723 1.6107 0.048192
2.5283 3.5784 0.027079
0.57917 3.0511 0.082438
1.9215 1.9868 0.071564
2.8084 2.001 0.025165
3.3455 2.6235 0.11388
3.6538 0.83929 0.080189
1.5522 3.2264 0.03032
0.14088 3.8384 0.079068
0.7063 4.842 0.019392
0.19668 4.9491 0.028151
3.817 2.082 0.040418
3.0146 4.7878 0.041056
1.5926 1.6107 0.069945
4.8701 0.98062 0.057241
1.1101 3.037 0.096187
4.2852 1.8271 0.10801
0.9066 4.1864 0.07106
0.25274 0.45954 0.077063
2.6837 3.3093 0.037828
1.8667 4.354 0.04834
1.0851 2.7017 0.033188
1.6617 4.7506 0.040537
4.1556 2.1978 0.01189
4.3496 2.9824 0.10634
2.2913 3.2203 0.074798
0.30361 3.1091 0.062803
2.7061 2.2121 0.06571
2.1438 0.45708 0.031628
3.5796 1.2078 0.022997
0.14055 4.9795 0.065257
4.6021 1.4577 0.10232
3.0223 1.174 0.057954
2.244 3.2491 0.061874
0.41078 4.0584 0.029596
0.44488 3.7689 0.02016
1.3176 2.269 0.0043996
3.8386 2.6184 0.078347
2.5141 4.8456 0.035921
3.2913 3.2935 0.023987
2.4392 1.1056 0.056323
4.4653 0.87398 0.031016
0.41739 2.5169 0.029765
3.3642 1.5334 0.079948
0.45728 0.76101 0.048658
2.8133 1.7734 0.088884
2.0573 3.4807 0.084941
4.349 0.37654 0.050415
1.7853 2.7312 0.028353
4.3109 1.1264 0.058426
4.7914 4.5495 0.016244
0.77837 4.1442 0.038483
1.6917 0.71268 0.07313
2.5822 1.5591 0.034933
0.076582 3.4044 0.064804
1.5264 0.92457 0.093879
3.1482 2.0886 6.2822
3.7926 4.2009 0.09184
0.83786 4.1275 0.087065
4.5002 3.3668 0.039207
4.0998 2.2185 0.090851
4.8545 4.1549 0.085009
3.2907 4.427 0.065287
1.0811 3.0041 6.2765
1.6181 0.35981 0.07092
1.1293 1.4559 0.086586
1.3761 3.3462 0.034279
0.62667 3.7145 0.049281
3.7339 4.0943 0.050064
4.2259 2.9546 0.017894
1.763 3.2369 0.077075
2.5753 1.6392 0.024082
1.1406 4.5618 6.2797
3.7348 1.9388 0.071318
0.87775 3.8955 0.074495
3.2616 3.2318 0.01958
1.5734 0.96465 0.057337
1.4036 3.0975 0.05602
3.1605 3.9432 0.085124
3.5748 4.8325 0.025287
3.4024 3.8748 0.042941
1.7193 1.5236 0.042911
4.2355 1.4858 0.02102
4.243 1.0932 0.037107
0.097215 1.5295 0.0030283
2.0661 4.5225 0.0078275
3.6745 3.5573 6.283
2.5637 3.2039 0.075021
0.90029 4.1186 0.072727
1.2844 3.3993 6.2761
0.75808 4.1723 0.028229
1.5383 4.0638 0.03891
2.2329 0.22785 6.2774
4.0648 3.9625 0.013615
4.4284 3.8007 0.060209
4.5206 3.187 0.066369
3.8268 1.4028 0.077054
1.5327 4.1042 0.046566
1.3885 1.565 0.039857
4.2768 0.84415 0.02743
4.7934 1.4931 0.0084637
4.7933 2.048 6.2694
4.6365 0.94626 0.028308
2.4635 0.4539 0.056868
0.32258 2.2767 0.032649
3.6364 0.082321 0.05579
0.37588 1.5483 0.073248
3.9807 4.4449 0.020436
2.7323 4.0296 0.024753
4.9549 2.4903 0.040524
4.5066 3.0105 6.2713
4.0659 3.6202 6.2614
1.2937 1.692 0.0079475
0.55896 0.9372 0.0091087
3.0137 3.9473 6.2756
1.2764 3.3501 0.044678
0.052823 2.3762 6.2658
4.0657 0.040449 0.03297
4.8655 1.0116 6.2799
0.40008 4.7371 0.044856
3.2543 4.0986 6.2665
3.0195 2.5194 0.042001
3.4074 1.4059 6.283
1.4637 3.6171 0.049432
