1.6486 0.45942 2.0849
4.3141 1.4027 1.6585
0.31395 4.3721 1.0722
5.4849 3.0221 1.457
4.8 4.8612 1.4808
3.4536 6.5356 2.3814
4.6656 1.8079 1.7527
4.052 4.2642 1.3989
4.868 0.02817 2.1388
4.8983 4.1855 2.311
5.4887 1.4454 2.0782
3.3707 6.9286 1.9789
3.9974 5.7027 1.4153
2.0951 6.0907 0.90747
6.8593 6.3275 1.7838
4.4371 2.4383 2.4288
3.0324 1.0012 1.4756
2.1352 6.9809 0.67099
1.3816 3.7671 0.63472
6.1626 3.5226 1.4488
4.7716 0.54273 2.0812
6.5216 6.2979 1.5097
1.7177 3.2714 0.70616
2.7072 0.15736 2.3719
2.6954 2.0663 2.4094
3.406 4.9344 1.9344
2.9801 4.5736 2.1189
0.26098 5.3592 1.3438
5.5543 6.2673 2.1702
3.7642 3.5805 0.72526
2.8432 5.4027 0.96398
3.4295 3.5493 1.3268
5.3789 0.034662 1.9505
1.7254 5.0488 2.3152
4.1281 4.5945 1.6992
2.251 5.2751 0.68369
0.99914 0.34243 0.51184
1.541 1.5973 0.65265
5.0312 6.1302 2.3851
0.48266 2.6026 1.3882
3.6416 2.9108 2.13
0.85069 4.3779 0.82983
5.7321 2.103 0.92653
5.8627 1.0943 1.7004
0.30937 0.070415 2.0091
0.11854 1.2322 0.9609
1.5548 4.462 1.4414
4.5881 1.3698 0.70652
0.31703 0.99496 1.7199
6.7917 3.1085 1.2288
5.2204 4.9942 0.47347
2.759 1.7346 0.57344
0.66309 2.6104 0.67889
1.7808 2.7365 1.3644
6.5051 5.895 2.0843
5.5494 2.9548 0.74053
5.9749 5.2452 1.811
0.4779 5.1826 1.2865
0.014159 6.2538 0.53898
6.4084 2.2204 0.55134
4.6887 3.2447 1.2424
0.1392 6.8849 0.73608
6.9356 5.5717 0.66336
0.025223 1.4122 1.9065
3.0903 3.7925 2.2602
5.9876 4.0676 1.5733
5.8316 3.6124 2.189
2.9053 3.3033 1.8135
5.8583 5.3765 2.1418
3.6785 2.2958 1.8577
6.6193 5.5682 2.2685
3.2785 6.5131 1.652
3.3419 1.5851 0.51305
4.1545 1.0082 1.3719
5.2747 0.69374 2.1276
2.9014 0.89705 1.4353
0.6732 1.1581 0.68983
1.4731 3.3719 1.9415
2.2802 0.78332 1.1327
5.3375 4.763 1.9405
1.5664 2.8235 2.0944
6.3636 5.6375 1.7128
3.6547 3.667 1.0525
5.6999 1.554 1.1376
1.339 1.8995 2.2382
2.4644 3.6355 0.63402
5.7367 4.0158 1.4237
4.9105 0.98808 0.93522
4.0367 6.9759 0.9886
4.0356 0.82229 2.1354
4.2041 2.0647 0.88383
5.7084 0.93705 0.7932
0.9842 1.5868 1.6032
5.2796 5.285 0.53266
4.7367 5.6279 1.2172
3.9585 5.9277 0.32882
3.5656 4.7968 1.637
0.75514 4.7218 1.7379
4.0295 0.43746 0.60546
5.2399 5.0687 1.3062
6.2263 0.41903 2.0095
1.4649 5.0832 0.43958
6.6085 1.3392 0.86869
6.6247 3.1359 1.8936
2.0636 5.7355 1.7229
1.6299 5.4183 0.38458
1.5056 1.1261 0.36055
0.59007 4.6248 0.43237
4.2206 0.73184 1.6519
2.2114 0.46195 1.5975
4.1508 3.9636 0.58918
3.6958 0.18203 1.1988
0.31862 0.92485 0.2729
2.9829 6.2367 2.1354
5.217 1.8782 0.93698
5.179 6.5853 1.3454
4.1028 6.2992 0.61101
1.4723 4.5564 1.5794
1.778 2.8327 1.0672
6.9779 5.2501 1.523
2.6769 6.7876 1.8547
3.365 2.341 0.44806
1.9995 6.5113 1.2587
5.0387 6.892 0.96665
4.8466 2.071 1.3441
1.241 0.90614 0.27604
6.3097 1.8224 0.4336
6.1328 6.4575 1.8
0.13905 6.2291 0.26694
1.5581 1.6856 1.8465
1.1485 2.6767 1.2516
3.7201 3.9888 1.4809
2.4015 4.8173 1.2313
6.3356 3.5578 1.5367
2.4309 3.4538 0.6317
0.28685 6.7028 1.7585
5.7314 2.1654 0.39539
2.3453 2.4576 0.14129
2.0264 0.80082 1.6975
3.5258 2.9954 0.54807
1.7525 2.0044 2.065
1.1984 1.5848 2.0177
1.1724 1.5048 0.69809
6.3211 2.9387 1.1627
5.6831 3.8481 1.3822
2.835 2.6316 1.6269
3.5784 5.1316 0.94562
5.797 1.4565 2.0172
2.9374 1.4509 0.87607
0.045141 6.6439 0.19622
1.6899 6.5514 0.59607
1.1715 2.4207 0.48778
6.8803 3.6822 1.756
6.1103 5.6927 1.8636
1.6368 3.6563 0.32869
4.2311 1.8706 1.0564
0.93846 5.8093 0.81977
1.6073 0.63685 0.64963
6.1328 3.0131 1.9291
5.5952 1.5568 0.45216
0.23939 2.5556 1.8562
6.2369 4.7681 1.441
6.3449 6.2381 1.3942
2.0008 3.8767 0.44673
4.0988 5.7758 0.7872
4.9482 6.7324 0.40763
4.2265 1.6832 0.59516
1.8238 4.1974 1.8399
6.2082 4.189 1.4481
5.3997 2.8895 1.5744
1.7097 3.5839 1.9351
1.725 2.8637 0.031159
2.8072 3.4692 0.0098062
2.0366 5.7736 0.86268
0.28434 3.8872 1.4222
4.6005 5.6372 1.7218
2.7335 4.5621 1.9736
4.2349 1.9074 0.92803
4.6198 1.2878 0.64317
2.4523 4.3325 0.53887
1.1706 1.8108 6.274
1.07 0.15662 0.66749
4.4921 0.70195 0.75681
3.3872 0.1701 1.6848
5.5547 0.86103 1.4235
1.9252 3.9024 1.6314
4.388 1.4101 0.20382
1.8771 2.8141 0.77619
4.3286 2.6737 0.56841
0.77262 5.2217 6.2446
3.3068 4.5039 1.7629
2.3687 5.3813 0.73472
0.49439 5.3391 0.75606
3.9715 3.6017 0.38448
5.2366 6.4613 0.9813
1.8804 5.2979 1.3426
2.6066 5.2219 0.39682
3.7753 0.68911 1.5715
0.32379 4.7686 0.79089
5.0818 3.9851 0.26971
5.5032 0.28113 0.89767
2.7482 3.217 0.72126
1.4587 0.69019 1.3745
4.4498 2.5574 0.42997
0.30443 3.6212 0.65326
1.0119 4.8159 1.2877
4.6556 1.9155 0.21427
0.44015 3.5697 6.1976
3.1205 6.1151 1.4365
4.0779 4.1859 0.64294
5.1395 0.82904 1.1487
4.2402 5.7343 0.89633
4.3487 2.6225 0.95014
1.7831 0.81258 0.14531
6.6555 5.8074 0.03327
2.7493 6.242 1.739
1.7143 2.0342 0.72607
1.338 1.1385 1.4574
5.2548 3.1742 1.5237
4.3428 1.491 6.1104
6.2597 4.331 0.70124
3.4102 3.7572 0.26616
4.3619 5.1362 0.78421
4.9581 4.0942 1.5011
4.7078 0.23295 1.2
0.28334 0.32155 6.2075
2.4291 4.4335 1.4791
4.8091 0.51773 1.2386
1.1735 6.1621 6.2391
2.6561 3.0989 6.0048
4.7547 6.7348 1.4469
1.5827 6.7826 0.95725
0.13233 0.49566 0.015361
5.298 2.1466 0.93982
4.166 3.6199 5.8896
6.3107 6.3416 6.1964
4.4366 1.3171 0.1691
4.2491 6.3968 6.0317
2.2465 1.875 0.3026
0.49981 1.6564 1.4886
6.6502 4.2089 6.0403
3.1225 2.7814 1.0492
0.05857 6.0589 5.8959
4.5229 2.9361 0.41152
5.8972 6.4276 0.39809
3.4994 4.0871 0.28859
0.48882 1.9286 0.48633
0.039949 3.5996 0.45253
6.4727 4.3291 0.40052
2.7495 0.35668 6.1255
2.2644 4.7244 1.1237
4.764 5.7622 1.4258
5.8501 2.9685 1.4025
0.88022 5.9726 1.1048
6.1077 0.19185 0.37831
6.6493 3.7853 0.95221
0.34188 0.79135 6.1292
1.2387 5.8232 0.0010533
1.4743 2.3241 0.20532
6.6482 2.6661 1.1713
2.4492 3.9523 0.23149
2.5797 2.6579 5.7857
3.0296 2.5654 1.1734
6.2502 4.7927 5.779
0.589 4.1761 6.2829
0.77516 2.2107 0.36886
4.8493 3.6024 0.68695
4.6586 0.15353 5.8401
4.178 5.0462 6.1054
4.594 2.7064 0.50391
2.4518 0.75212 5.9833
1.5886 5.7502 5.7672
1.1113 0.30085 0.64687
1.2004 3.8219 5.9847
5.9605 1.5638 0.70573
4.9729 3.5454 0.7047
4.2117 3.0283 0.40836
1.4865 4.3317 5.7758
5.6549 3.7763 6.1019
5.2285 4.126 0.34396
4.1797 0.37128 0.70191
3.1933 4.3071 0.40291
1.7427 2.268 5.4588
2.6204 1.8231 0.43147
5.1681 0.21572 5.9437
4.0994 6.4306 6.2778
4.8267 1.3004 0.23148
4.3081 2.4618 5.414
3.352 0.98267 5.9247
0.17754 2.4937 5.7611
2.7381 0.55672 0.554
2.8321 1.4979 6.2646
5.7517 2.2588 5.5139
2.3453 2.916 0.47587
3.9225 5.5599 0.35912
3.1282 3.662 5.534
5.6578 2.7983 6.0732
5.786 4.1063 0.2047
6.4105 1.3045 0.99901
5.8331 4.3865 0.10326
